2       32      10 100 100 0 0 kate-sim
64      64      10 100 50  0 0 kate-sim
128     128     10 100 25  0 0 kate-sim
256     256     10 100 12  0 0 kate-sim
512     512     10 50  10  0 0 kate-sim
1024    1024    10 25  10  0 0 kate-sim
2048    2048    10 12  10  0 0 kate-sim
4096    4096    10 10  5   0 0 kate-sim
8192    8192    10 10  3   0 0 kate-sim
16384   16384   10 10  2   0 0 kate-sim
32768   32768   10 10  1   0 0 kate-sim
65536   65536   10 10  1   0 0 kate-sim
131072  131072  5  10  1   0 0 kate-sim
262144  262144  4  10  1   0 0 kate-sim
524288  524288  3  10  1   0 0 kate-sim
1048576 1048576 2  10  1   0 0 kate-sim

2     32    10 100 100 0 0 kate
64    64    10 100 50  0 0 kate
128   128   10 100 25  0 0 kate
256   256   10 100 12  0 0 kate
512   512   10 100 10  0 0 kate
1024  1024  8  100 10  0 0 kate
2048  2048  2  100 10  0 0 kate
4096  32768 1  100 10  0 0 kate

2       8       256 256 256 256 256 amt
16      16      256 256 128 256 256 amt
32      32      256 256 64  256 128 amt
64      64      256 256 32  256 64  amt
128     128     256 256 16  256 32  amt
256     256     128 256 8   256 16  amt
512     512     64  128 4   256 8   amt
1024    1024    32  64  2   256 4   amt
2048    2048    16  32  1   256 2   amt
4096    4096    8   16  1   256 1   amt
8192    8192    4   8   1   256 1   amt
16384   16384   2   4   1   128 1   amt
32768   32768   1   2   1   64  1   amt
65536   65536   1   1   1   32  1   amt
131072  131072  1   1   1   0   0   amt
262144  262144  1   1   1   0   0   amt
524288  524288  1   1   1   0   0   amt
1048576 1048576 1   1   1   0   0   amt

131072  131072  1  0   0   16 1 amt-sim
262144  262144  1  0   0   8  1 amt-sim
524288  524288  1  0   0   4  1 amt-sim
1048576 1048576 1  0   0   2  1 amt-sim

2       16      256 256 256 256  256  fk 
32      32      256 256 256 256  256  fk 
64      64      256 256 256 256  256  fk 
128     128     128 256 128 256  256  fk 
256     256     64  256 128 256  256  fk 
512     512     32  256 64  256  256  fk 
1024    1024    16  128 32  256  256  fk 
2048    2048    8   64  16  256  128  fk 
4096    4096    4   32  8   256  64   fk 
8192    8192    2   16  4   256  32   fk 
16384   16384   1   8   2   256  16   fk 
32768   32768   1   4   1   128  8    fk 
65536   65536   1   2   1   64   4    fk 
131072  131072  1   1   1   32   2    fk 
262144  262144  1   1   1   16   1    fk 
524288  524288  1   1   1   10   1    fk 
1048576 1048576 1   1   1   10   1    fk
