2       32      100 1000 1000 kate-sim
64      64      100 1000 500  kate-sim
128     128     100 1000 250  kate-sim
256     256     100 1000 120  kate-sim
512     512     10  1000 60   kate-sim
1024    1024    10  1000 30   kate-sim
2048    2048    10  1000 15   kate-sim
4096    4096    10  1000 10   kate-sim
8192    8192    10  1000 10   kate-sim
16384   32768   10  1000 10   kate-sim
65536   65536   10  1000 10   kate-sim
131072  131072  5   1000 8    kate-sim
262144  262144  3   1000 4    kate-sim
524288  524288  3   1000 2    kate-sim
1048576 1048576 2   1000 1    kate-sim

