2       8       100 1000 100  feld
16      16      100 1000 64   feld
32      32      100 1000 32   feld
64      64      100 1000 16   feld
128     128     100 1000 8    feld
256     256     100 1000 4    feld
512     512     100 1000 2    feld
1024    1024    100 1000 1    feld
2048    2048    100 500  1    feld
4096    4096    64  250  1    feld
8192    8192    32  120  1    feld
16384   16384   16  60   1    feld
32768   32768   8   30   0    feld
65536   65536   4   15   0    feld
131072  131072  2   10   0    feld
262144  262144  1   10   0    feld
524288  524288  1   8    0    feld
1048576 1048576 1   5    0    feld

2     32    10 0 0  kate
64    64    10 0 0  kate
128   128   10 0 0  kate
256   256   10 0 0  kate
512   512   10 0 0  kate
1024  1024  10 0 0  kate
2048  2048  3  0 0  kate
4096  4096  2  0 0  kate
8192  8192  2  0 0  kate
16384 32768 1  0 0  kate

2       32      100 1000 256  fk 
64      64      100 1000 128  fk 
128     128     100 1000 64   fk 
256     256     50  1000 32   fk 
512     512     30  1000 16   fk 
1024    1024    15  1000 8    fk 
2048    2048    10  1000 4    fk 
4096    4096    5   1000 2    fk 
8192    8192    3   1000 1    fk 
16384   16384   1   1000 1    fk 
32768   32768   1   1000 1    fk 
65536   65536   1   1000 1    fk 
131072  131072  1   1000 1    fk 
262144  262144  1   1000 1    fk 
524288  524288  1   1000 1    fk 
1048576 1048576 1   1000 1    fk 

2       8       100 1000 256 amt
16      16      100 1000 128 amt
32      32      100 1000 64  amt
64      64      100 1000 32  amt
128     128     100 1000 16  amt
256     256     100 1000 8   amt
512     512     100 1000 4   amt
1024    1024    64  1000 2   amt
2048    2048    32  1000 1   amt
4096    4096    16  1000 1   amt
8192    8192    8   1000 1   amt
16384   16384   4   1000 1   amt
32768   32768   2   1000 1   amt
65536   65536   1   1000 1   amt
131072  131072  1   1000 1   amt 
262144  262144  1   1000 1   amt
524288  524288  1   1000 1   amt
1048576 1048576 1   1000 1   amt
